346.47 68.26 88.00 58.00
0.05 64.92 88.00 58.00
25.80 62.30 84.00 55.00
0.93 64.38 84.00 55.00
0.65 62.41 84.00 55.00
10.05 60.33 84.00 55.00
356.03 62.68 89.00 47.00
1.24 62.51 89.00 47.00
2.79 64.30 87.00 46.00
359.64 58.68 87.00 46.00
357.89 60.52 87.00 46.00
356.77 72.55 84.00 55.00
11.74 66.20 87.00 37.00
1.08 60.61 87.00 37.00
318.09 71.92 87.00 37.00
1.56 62.37 87.00 37.00
349.88 55.61 87.00 37.00
340.03 61.51 91.00 28.00
16.45 60.52 91.00 28.00
357.97 71.03 88.00 58.00
4.36 69.94 88.00 58.00
10.88 68.08 88.00 58.00
351.87 43.98 165.00 24.00
353.92 61.33 165.00 24.00
3.51 68.61 165.00 24.00
