61.20 -73.86 88.00 58.00
168.10 -72.23 88.00 58.00
170.36 -65.23 84.00 55.00
184.61 -78.58 84.00 55.00
165.71 -76.24 84.00 55.00
180.04 -56.12 84.00 55.00
184.60 -73.48 89.00 47.00
172.81 -74.69 89.00 47.00
170.14 -68.50 87.00 46.00
196.10 -56.02 87.00 46.00
171.88 -71.41 87.00 46.00
175.53 -59.94 84.00 55.00
196.39 -44.31 87.00 37.00
188.50 -36.94 87.00 37.00
209.74 -58.04 87.00 37.00
208.13 -59.59 87.00 37.00
207.92 -49.35 91.00 28.00
213.18 -57.53 91.00 28.00
206.72 -54.03 91.00 28.00
182.84 -55.21 91.00 28.00
172.28 -71.98 88.00 58.00
170.32 -69.45 88.00 58.00
166.39 -64.85 88.00 58.00
