,strat_pos,site_lat,site_lon,dec_tc,inc_tc,alpha95,n,k,r,csd,paleolatitude,vgp_lat,vgp_lon,vgp_lat_rev,vgp_lon_rev
Z35_hem,4.0,47.10038,95.3755,185.11431141,6.02580902239,5.72759790354,6,137.802631568,5.96371622266,6.90011395697,3.02125885837,-39.6766026689,88.7337856948,39.6766026689,268.733785695
Z30_hem,9.0,47.10069,95.37747,242.928054112,-40.2376897838,49.9318756002,7,2.41492794507,4.51545382037,52.1234232129,-22.9330694023,-34.8028582169,8.29517832172,34.8028582169,188.295178322
Z39_hem,14.0,47.0986,95.38467,201.539570997,2.41303366116,8.65896029003,5,79.0411214815,4.9493934306,9.11084109533,1.20705206926,-38.1430755754,67.563029802,38.1430755754,247.563029802
Z40_hem,15.0,47.09859,95.38474,202.157748197,-7.92819623323,7.78814852306,7,61.0301110003,6.90168787338,10.3684285431,-3.98316453429,-42.8300834058,64.5184593108,42.8300834058,244.518459311
Z41_hem,10.0,47.10109,95.37744,198.41115093,-11.0584390183,16.1134316744,5,23.5001143926,4.82978806259,16.7089835217,-5.58119510065,-45.5652732154,68.6985165254,45.5652732154,248.698516525
Z42_hem,16.0,47.09577,95.38577,151.386122278,14.995750587,16.374486815,6,17.6922290304,5.71739004783,19.2572266755,7.62850314572,-29.6765161626,128.501026091,29.6765161626,308.501026091
Z43_hem,17.0,47.0957,95.38638,173.787706213,13.5870963783,6.22798884709,8,80.0631468526,7.9125690124,9.0525032818,6.89041389947,-35.7332587314,102.991555009,35.7332587314,282.991555009
Z44_hem,18.0,47.09571,95.38651,163.946454719,23.9813456211,2.03354897197,7,882.184819244,6.99319870409,2.72712615658,12.539568215,-28.6585046682,113.302681823,28.6585046682,293.302681823
Z45_hem,19.0,47.09562,95.38676,164.416633016,19.68933634,4.66533375052,8,141.934617965,7.9506815173,6.79893442246,10.1440770396,-31.0972302997,113.374941969,31.0972302997,293.374941969
Z47_hem,21.0,47.09568,95.38727,186.913269775,2.67943220369,14.4181968894,7,18.4798332874,6.67532174632,18.8423902517,1.34044897792,-41.1860545996,86.1864060136,41.1860545996,266.186406014
Z48_hem,22.0,47.0957,95.38744,175.819815666,20.8805282068,5.25693868051,8,111.988554085,7.93749361212,7.65417170002,10.7987038707,-31.9853460796,100.230030875,31.9853460796,280.230030875
Z49_hem,23.0,47.09581,95.38747,193.267744981,9.06185713577,17.0127155904,7,13.5408730142,6.55689710747,22.0121105981,4.55944112797,-37.0332359692,78.7339531994,37.0332359692,258.733953199
Z50_hem,24.0,47.09575,95.38781,173.713226911,22.1768298048,3.69916529301,8,225.196841386,7.96891608267,5.3976394521,11.5197000444,-31.1156982326,102.58767598,31.1156982326,282.58767598
Z51_hem,25.0,47.09584,95.38802,173.080329535,21.4782077791,10.9238834037,5,50.0154734665,4.92002474989,11.4533577608,11.1299768744,-31.4468451318,103.352735163,31.4468451318,283.352735163
Z52_hem,26.0,47.09583,95.38815,172.236459899,19.3851241814,13.1000405591,6,27.1090183537,5.81555953319,15.5570813635,9.97804427363,-32.5076120637,104.465028263,32.5076120637,284.465028263
Z53_hem,1.0,47.09442,95.37205,195.874741511,-12.0922609777,5.75488195206,7,110.984038441,6.94593817197,7.688732597,-6.11421303208,-46.8126551074,71.9559269797,46.8126551074,251.95592698
Z54_hem,2.0,47.09502,95.37299,214.227657968,-21.4248358725,63.3397183464,7,1.86392966114,3.78099440924,59.3294413719,-11.1003155974,-43.8975875529,45.3775820295,43.8975875529,225.377582029
Z56_hem,,47.06403,95.42075,180.301490705,-21.7117222626,8.592209921,6,61.7604841784,5.91904208546,10.3069382194,-11.259937146,-54.1950013232,94.9153217277,54.1950013232,274.915321728
Z57_hem,,47.06277,95.42039,182.841002312,-18.5920841193,7.46206862643,4,152.57686464,3.98033777921,6.55753588383,-9.54731705706,-52.4069341278,90.8248455736,52.4069341278,270.824845574
