,strat_pos,site_lat,site_lon,dec_geo,inc_geo,alpha95,n,k,r,csd,paleolatitude,vgp_lat,vgp_lon,vgp_lat_rev,vgp_lon_rev
Z35_hem_geo,4.0,47.10038,95.3755,185.352162327,-5.5608955341,5.74779779184,6,136.842402095,5.96346161772,6.92428084562,-2.78701106721,-45.4440342478,87.7446114253,45.4440342478,267.744611425
Z30_hem_geo,9.0,47.10069,95.37747,148.799913057,-68.2098336954,49.957167043,7,2.4134521388,4.51393454068,52.1393573011,-51.3560990186,-69.3512226656,208.833918012,69.3512226656,28.8339180125
Z39_hem_geo,14.0,47.0986,95.38467,196.313094617,-15.6234279989,8.6632951856,5,78.9629903294,4.94934335714,9.11534741222,-7.95965921091,-48.4585228761,70.583218914,48.4585228761,250.583218914
Z40_hem_geo,15.0,47.09859,95.38474,189.173033438,-23.5071145144,7.79485463626,7,60.9267782431,6.9015211345,10.3772173257,-12.2696270395,-54.3265424546,79.8917565798,54.3265424546,259.89175658
Z41_hem_geo,10.0,47.10109,95.37744,178.834996745,-26.2253502632,16.0862901351,5,23.5762744356,4.83033790979,16.6819736081,-13.8368351437,-56.7214760167,97.4392995866,56.7214760167,277.439299587
Z42_hem_geo,16.0,47.09577,95.38577,165.448450689,27.2781670733,16.3880068865,6,17.6646129094,5.71694822719,19.2722737704,14.4575884795,-27.0774019692,111.243174085,27.0774019692,291.243174085
Z43_hem_geo,17.0,47.0957,95.38638,182.753379071,12.7346508985,6.22014194627,8,80.2628725678,7.91278657521,9.04123316523,6.4469422405,-36.4017453736,91.9864511294,36.4017453736,271.986451129
Z44_hem_geo,18.0,47.09571,95.38651,182.138846303,26.690155655,2.02383628611,7,890.663468081,6.99326344886,2.71411471203,14.1098911698,-28.7643301984,93.0200829281,28.7643301984,273.020082928
Z45_hem_geo,19.0,47.09562,95.38676,179.431605543,23.1113837146,4.65712626132,8,142.431974104,7.9508537318,6.78705349154,12.0454338358,-30.8567595703,96.0343004102,30.8567595703,276.03430041
Z47_hem_geo,21.0,47.09568,95.38727,186.530284128,-3.81825864581,14.40721084,7,18.5065774551,6.67579094435,18.8287706012,-1.91125131169,-44.4601104206,86.2237189713,44.4601104206,266.223718971
Z48_hem_geo,22.0,47.0957,95.38744,186.680864654,20.7458402159,5.24858008036,8,112.342494065,7.93769054125,7.64210478551,10.7243160386,-31.8730266907,87.6518142205,31.8730266907,267.651814221
Z49_hem_geo,23.0,47.09581,95.38747,196.04073501,2.33468016622,17.0308865946,7,13.5140208353,6.55601666794,22.0339686305,1.16782484361,-39.7324885668,74.3343899013,39.7324885668,254.334389901
Z50_hem_geo,24.0,47.09575,95.38781,185.576899976,22.8486907556,3.6953191604,8,225.663875833,7.96898041402,5.39205107602,11.8971342369,-30.7965674541,89.0318819919,30.7965674541,269.031881992
Z51_hem_geo,25.0,47.09584,95.38802,184.630447854,22.5631731536,10.9266235756,5,49.9908669193,4.9199853844,11.4561762048,11.7364151317,-31.0221815052,90.0959257664,31.0221815052,270.095925766
Z52_hem_geo,26.0,47.09583,95.38815,182.77754802,21.1001043649,13.1209811042,6,27.025580852,5.8149901004,15.5810779554,10.9201826967,-31.9309562132,92.1742237361,31.9309562132,272.174223736
Z53_hem_geo,1.0,47.09442,95.37205,176.883446215,-21.4544402926,5.75035108368,7,111.157505178,6.94602253811,7.6827309325,-11.1167662284,-53.9260985465,100.570110479,53.9260985465,280.570110479
Z54_hem_geo,2.0,47.09502,95.37299,176.563071262,-41.3012846605,63.3462824431,7,1.86374271492,3.78067152082,59.332416873,-23.7149521812,-66.4585932651,103.271613679,66.4585932651,283.271613679
Z56_hem_geo,,47.06403,95.42075,179.194264592,1.51158850958,8.59357292534,6,61.7411949466,5.91901679253,10.3085481444,0.75592578971,-42.17483717,96.5079009737,42.17483717,276.507900974
Z57_hem_geo,,47.06277,95.42039,181.947932307,4.33219587737,7.47359369498,4,152.109621235,3.9802773817,6.56759973134,2.169198283,-40.7382797824,92.851011908,40.7382797824,272.851011908
