,strat_pos,site_lat,site_lon,dec_geo,inc_geo,alpha95,n,k,r,csd,paleolatitude,vgp_lat,vgp_lon,vgp_lat_rev,vgp_lon_rev
Z30_mag_geo,4.0,47.10038,95.3755,61.1990346954,-73.8611099974,11.7125822525,7,27.5139847737,6.781929079,15.4421679862,-59.9402635106,-28.0182439067,245.559596394,28.0182439067,65.5595963945
Z31_mag_geo,5.0,47.10049,95.37604,168.103622771,-72.2346682832,3.75345937247,8,218.756350773,7.968000929,5.47652007377,-57.3484497609,-77.463763244,244.552325529,77.463763244,64.5523255289
Z32_mag_geo,6.0,47.10094,95.37684,170.358827293,-65.2283660629,7.98759506897,9,42.5044771543,8.8117845334,12.4241784252,-47.2952036043,-83.4504486308,190.612182327,83.4504486308,10.6121823267
Z33_mag_geo,7.0,47.10107,95.37705,184.611118474,-78.5803407806,4.57977431019,8,147.2514683,7.95246227368,6.67506043177,-68.0020343414,-68.9668922489,280.189908762,68.9668922489,100.189908762
Z34_mag_geo,8.0,47.10111,95.37712,165.710953956,-76.2412701723,2.84695435175,10,288.897760446,9.96884711053,4.76554891124,-63.9080899905,-71.4456507175,255.430851751,71.4456507175,75.4308517509
Z35_mag_geo,9.0,47.10069,95.37747,180.035625414,-56.1174919954,6.39222067127,6,110.823427798,5.95488318581,7.69430202045,-36.6702424293,-79.5695190273,95.219635802,79.5695190273,275.219635802
Z36_mag_geo,11.0,47.10221,95.37959,184.602273678,-73.4836496885,4.16011610722,8,178.256398693,7.96073072242,6.06683878823,-59.3300306977,-77.4729296032,286.256471205,77.4729296032,106.256471205
Z37_mag_geo,12.0,47.10211,95.37971,174.776955227,-74.6497770644,7.22288226178,9,51.7679134726,8.84546412124,11.2578300559,-61.2322078065,-75.5541188166,265.265069075,75.5541188166,85.265069075
Z38_mag_geo,13.0,47.09855,95.38445,170.143848722,-68.5046820909,8.04013877628,10,37.0615012842,9.75716040397,13.3052645785,-51.7748944248,-82.0770547072,225.175390237,82.0770547072,45.1753902372
Z39_mag_geo,14.0,47.0986,95.38467,196.10358292,-56.0220261032,6.36039985536,6,111.925587924,5.95532746271,7.65632440726,-36.571554602,-74.0948854354,41.0072523965,74.0948854354,221.007252397
Z40_mag_geo,15.0,47.09859,95.38474,170.919387197,-71.6177551473,4.52693040997,9,130.309344787,8.93860762624,7.09573255784,-56.3910671424,-79.1594983007,247.707629194,79.1594983007,67.707629194
Z41_mag_geo,10.0,47.10109,95.37744,175.528998285,-59.9428207534,4.58017881304,8,147.225628454,7.95245393025,6.67564618225,-40.8280953189,-82.9526759045,124.113659519,82.9526759045,304.113659519
Z42_mag_geo,16.0,47.09577,95.38577,196.391431905,-44.3086023415,11.1506496586,8,25.6320569186,7.7269044766,15.9990166172,-26.0158993555,-65.2597392999,58.0867775453,65.2597392999,238.086777545
Z43_mag_geo,17.0,47.0957,95.38638,187.775958702,-36.8974047593,10.3006710196,8,29.872943169,7.76567424373,14.8199252305,-20.5748901707,-62.73679655,79.3335528609,62.73679655,259.333552861
Z44_mag_geo,18.0,47.09571,95.38651,177.320106067,25.9529657379,12.3330509518,5,39.4434846262,4.89858908162,12.8972578043,13.6775367491,-29.1792688474,98.3691331205,29.1792688474,278.369133121
Z45_mag_geo,19.0,47.09562,95.38676,185.597011295,22.5897270605,8.28693545861,8,45.6357629563,7.84661152687,11.9903638227,11.7513421732,-30.9405334777,88.9948434181,30.9405334777,268.994843418
Z46_mag_geo,20.0,47.09563,95.38692,209.756874858,-58.0373560615,6.73089769045,8,68.683122065,7.89808267607,9.77372251281,-38.7062213291,-66.8163848563,15.7071497725,66.8163848563,195.707149772
Z47_mag_geo,21.0,47.09568,95.38727,207.834821007,-59.3087879107,5.43542081751,8,104.816159443,7.93321640444,7.91171979177,-40.11046045,-68.8019025869,14.424098486,68.8019025869,194.424098486
Z48_mag_geo,22.0,47.0957,95.38744,207.921657247,-49.3454416429,6.76091769998,8,68.082983183,7.89718429374,9.81670477698,-30.2095493939,-62.6724615919,33.565358788,62.6724615919,213.565358788
Z49_mag_geo,23.0,47.09581,95.38747,213.177701443,-57.5266287434,9.48816470381,7,41.4294185115,6.855175375,12.5843445376,-38.1548895911,-64.2343337193,13.5231198823,64.2343337193,193.523119882
Z50_mag_geo,24.0,47.09575,95.38781,183.717358008,16.532801771,3.91045176658,8,201.619149178,7.96528107559,5.70452030106,8.44210705141,-34.3637441723,90.9319205694,34.3637441723,270.931920569
Z51_mag_geo,25.0,47.09584,95.38802,206.717691809,-54.0307323441,10.3938920311,5,55.1468964487,4.9274664531,10.9074813914,-34.5655903586,-66.3949717216,27.7821415959,66.3949717216,207.782141596
Z52_mag_geo,26.0,47.09583,95.38815,182.835181513,-55.213178388,12.7196417249,6,28.6971881552,5.82576690187,15.1204719295,-35.7447890803,-78.4537309759,83.8179651675,78.4537309759,263.817965167
Z53_mag_geo,1.0,47.09442,95.37205,172.278467372,-71.9837762575,3.59413176095,8,238.494787034,7.97064925365,5.24500097782,-56.9573847811,-79.0684395119,252.646197081,79.0684395119,72.6461970807
Z54_mag_geo,2.0,47.09502,95.37299,177.775543591,-72.2158921664,4.24646039679,7,203.04065676,6.97044926816,5.68451627354,-57.3191024213,-79.686884665,268.650137379,79.686884665,88.6501373793
Z55_mag_geo,3.0,47.09525,95.37351,174.590356973,-60.2660133753,6.69317752944,8,69.4486747445,7.89920613999,9.71970396021,-41.1984606313,-82.9442525617,130.647846743,82.9442525617,310.647846743
Z56_mag_geo,,47.06403,95.42075,179.680351309,-4.75623600862,5.05722587507,6,176.489683197,5.97166973214,6.09712862662,-2.38222196713,-45.317328957,95.8749356587,45.317328957,275.874935659
Z57_mag_geo,,47.06277,95.42039,178.924940958,-8.20189090652,13.19150964,6,26.7474771695,5.81306648218,15.6618696865,-4.12206255146,-47.0492347032,96.9942053019,47.0492347032,276.994205302
Z58_mag_geo,,47.06277,95.42045,128.167765045,-19.3523485154,17.5331171143,6,15.5523906915,5.67850601884,20.5393379173,-9.96018303047,-32.7680085651,162.478279926,32.7680085651,342.478279926
