,strat_pos,site_lat,site_lon,dec_tc,inc_tc,alpha95,n,k,r,csd,paleolatitude,vgp_lat,vgp_lon,vgp_lat_rev,vgp_lon_rev
Z30_mag,4.0,47.10038,95.3755,278.379367445,-46.0102795715,11.7156638945,7,27.5000120598,6.7818182775,15.4460905589,-27.3819471835,-14.4082203266,340.470732724,14.4082203266,160.470732724
Z31_mag,5.0,47.10049,95.37604,246.928001397,-33.3191646051,3.75364600072,8,218.73469329,7.96799776069,5.4767911892,-18.1945602485,-28.8265911766,9.3145054844,28.8265911766,189.314505484
Z32_mag,6.0,47.10094,95.37684,234.132395436,-32.8549530357,7.99796971057,9,42.396757876,8.81130632622,12.4399517366,-17.8956395593,-37.2031348336,19.8656657349,37.2031348336,199.865665735
Z33_mag,7.0,47.10107,95.37705,250.685156219,-32.1761138426,4.58171847964,8,147.127336371,7.95242216591,6.67787572582,-17.4623122805,-25.7597127202,7.08654188425,25.7597127202,187.086541884
Z34_mag,8.0,47.10111,95.37712,247.1319514,-35.8401170447,2.84479627604,10,289.334789129,9.96889416573,4.76194846516,-19.8568728289,-29.8433426597,7.79124429581,29.8433426597,187.791244296
Z35_mag,9.0,47.10069,95.37747,226.181747428,-25.332748757,6.39918031145,6,110.58455924,5.95478573108,7.70260758952,-13.3167485104,-38.8560255256,31.0014333431,38.8560255256,211.001433343
Z36_mag,11.0,47.10221,95.37959,247.53159231,-39.3171415242,4.17065423791,8,177.361533555,7.96053259205,6.08212443595,-22.2688602158,-31.2216313261,5.45576287617,31.2216313261,185.455762876
Z37_mag,12.0,47.10211,95.37971,248.110158135,-42.2086893578,7.22327117144,9,51.7624421011,8.84544778656,11.2584250253,-24.3947913482,-32.2549724672,3.18359260794,32.2549724672,183.183592608
Z38_mag,13.0,47.09855,95.38445,237.351591543,-42.6816652337,8.02742182373,10,37.1759771135,9.75790817892,13.2847633615,-24.7539809521,-39.8087719261,10.8997604055,39.8087719261,190.899760405
Z39_mag,14.0,47.0986,95.38467,230.88055069,-26.4006715223,6.36321958614,6,111.827254318,5.95528818059,7.65968990413,-13.939647191,-36.3930481545,26.0879753458,36.3930481545,206.087975346
Z40_mag,15.0,47.09859,95.38474,241.564834462,-43.0877201629,4.52271264412,9,130.550720096,8.93872113464,7.0891698708,-25.0650577155,-37.1533566564,7.36648481862,37.1533566564,187.366484819
Z41_mag,10.0,47.10109,95.37744,229.06599806,-29.0743193374,4.59075072529,8,146.552709569,7.95223561529,6.69095474797,-15.53608861,-38.7488498841,26.4255737143,38.7488498841,206.425573714
Z42_mag,16.0,47.09577,95.38577,219.102262788,-24.4871832481,11.1528304316,8,25.6224066784,7.72680161985,16.0020292112,-12.8290711775,-42.6683102764,38.6287301123,42.6683102764,218.628730112
Z43_mag,17.0,47.0957,95.38638,208.443580787,-22.9405273909,10.3087909551,8,29.8274025416,7.765316474,14.8312344834,-11.9489322907,-47.5003869864,51.7774425663,47.5003869864,231.777442566
Z44_mag,18.0,47.09571,95.38651,160.933464189,20.6161062047,12.3326888493,5,39.4457451287,4.89859489314,12.8968882499,10.6527549149,-29.7973212615,117.098873601,29.7973212615,297.098873601
Z45_mag,19.0,47.09562,95.38676,169.431285108,22.9275247623,8.29849258811,8,45.5113923621,7.84619235676,12.0067358912,11.9415954364,-30.2107568487,107.371315984,30.2107568487,287.371315984
Z46_mag,20.0,47.09563,95.38692,235.938073186,-30.336640468,6.72399127546,8,68.8223288355,7.89828882401,9.76383286602,-16.3097662619,-34.8658314942,19.6801655765,34.8658314942,199.680165576
Z47_mag,21.0,47.09568,95.38727,235.894034546,-31.9528251866,5.43902755408,8,104.678457261,7.93312855211,7.9169219272,-17.320744686,-35.6262828227,18.8632060454,35.6262828227,198.863206045
Z48_mag,22.0,47.0957,95.38744,227.700040004,-32.0873920603,6.77105743696,8,67.8820778761,7.89687999809,9.8312209132,-17.4060050981,-41.0189353791,26.0923013627,41.0189353791,206.092301363
Z49_mag,23.0,47.09581,95.38747,235.973353283,-37.6129893751,9.47995121122,7,41.4995923379,6.85542026651,12.5737002735,-21.0683036548,-38.2284440148,15.487683421,38.2284440148,195.487683421
Z50_mag,24.0,47.09575,95.38781,175.40574029,15.8295224997,3.92236205001,8,200.402350269,7.96507026993,5.72181238744,8.06871546222,-34.6844930403,100.922274458,34.6844930403,280.922274458
Z51_mag,25.0,47.09584,95.38802,229.796662927,-36.4942842082,10.3826776787,5,55.2640379417,4.92762020024,10.8959151315,-20.2996028497,-41.7799354168,21.5266519586,41.7799354168,201.526651959
Z52_mag,26.0,47.09583,95.38815,216.149982605,-45.7895425226,12.6980640114,6,28.7915766741,5.82633809685,15.0956665741,-27.2019655457,-55.4624383711,27.6577582279,55.4624383711,207.657758228
Z53_mag,1.0,47.09442,95.37205,246.701510858,-31.9991869523,3.59905123159,8,237.845848472,7.97056917308,5.25215133366,-17.3500997871,-28.3885097912,10.1651575472,28.3885097912,190.165157547
Z54_mag,2.0,47.09502,95.37299,247.281882987,-30.3728953209,4.23649018514,7,203.992983073,6.97058722359,5.67123187698,-16.3321883207,-27.2766121101,10.5388935724,27.2766121101,190.538893572
Z55_mag,3.0,47.09525,95.37351,233.513919477,-29.0239411232,6.69547234411,8,69.4017302022,7.89913796126,9.72299069325,-15.5054886304,-35.8661989739,22.4309100009,35.8661989739,202.430910001
Z56_mag,,47.06403,95.42075,181.601801796,-27.8810815817,5.06990523779,6,175.612751147,5.97152826337,6.1123328451,-14.8167961088,-57.7251442994,92.519900774,57.7251442994,272.519900774
Z57_mag,,47.06277,95.42039,181.197563887,-31.382585243,13.2089935991,6,26.6792236593,5.8125882498,15.6818907857,-16.9613256423,-59.8823008302,93.1371252731,59.8823008302,273.137125273
Z58_mag,,47.06277,95.42045,119.44441202,-37.6029213849,17.5527045816,6,15.5198149627,5.67783121049,20.560882413,-21.0613187031,-35.1405816164,179.028127726,35.1405816164,359.028127726
